Clear DOWN Pose
piper_x: 0.226358
piper_y: -0.111472
piper_z: 0.204557
piper_ori_x: -0.000438
piper_ori_y: 1.000000
piper_ori_z: 0.000647
piper_ori_w: -0.000225

Clear UP Pose
piper_x: 0.226358
piper_y: -0.111523
piper_z: 0.211479
piper_ori_x: -0.000396
piper_ori_y: 1.000000
piper_ori_z: 0.000314
piper_ori_w: 0.000393